start=91.333333
panscan=1.000000
