start=284.100000
speed=1.948717
pause=yes
